0.091290 92
0.000347 53
1.987398 2
0.000088 1
0.000050 1
0.000104 1
0.000131 2
0.000128 1
0.000024 1
0.000176 2
0.000065 1
0.000142 1
0.000065 1
0.000060 1
0.000070 1
0.000080 1
0.000083 1
0.000084 1
0.000086 1
0.000089 1
0.000088 1
0.000088 1
0.000111 1
0.000077 1
0.000089 1
0.000089 1
0.000091 1
0.000104 1
0.000096 1
0.000091 1
0.000093 1
0.000093 1
0.000106 1
0.000120 1
0.000083 1
0.000108 1
0.000113 1
0.000113 1
0.000116 1
0.000115 1
0.000116 1
0.000119 1
0.000127 1
0.000114 1
0.000123 1
0.000120 1
0.000121 1
0.000122 1
0.000122 1
0.000123 1
0.000133 1
0.000123 1
0.000126 1
0.000127 1
0.000128 1
0.000128 1
1.689963 2
0.307686 15
4.954888 2
0.166880 84
0.052812 84
1.070450 34
0.008808 84
17.246187 39
0.008339 84
0.843369 39
0.008500 84
0.537796 39
0.008225 84
3.998102 39
0.008193 84
0.494705 39
0.008129 84
0.525923 39
0.007610 84
0.400199 39
0.005997 84
0.363711 39
0.006767 84
0.000171 157
0.000033 2
0.043242 92
0.000183 53
3.801265 6
