0.138503 92
0.000513 53
1.578328 1
0.182836 1
0.178652 1
0.337348 1
0.863009 1
0.352396 1
0.208039 1
0.168650 1
0.344606 1
0.657263 1
0.188290 1
0.216087 30
0.000069 64
1.782997 1
0.771075 6
1.093289 1
0.223091 1
0.270685 2
0.000118 131
0.000107 84
2.065029 2
0.002360 226
0.004664 92
0.000231 53
1.516836 31
2.805047 4
0.499679 4
0.030714 4
0.029555 4
0.030403 4
0.030161 4
0.030572 4
0.029810 4
0.030043 4
0.265631 4
0.183648 4
0.168557 4
0.148790 4
4.854346 1
0.684929 52
0.000062 85
2.161654 2
0.002974 925
0.006440 92
0.000534 53
6.439877 1
0.003591 56
1.692081 2
0.359946 15
5.322632 2
0.164009 84
0.052673 84
1.044421 34
0.008743 84
0.449855 34
0.008447 84
0.829030 34
0.008446 84
0.660984 39
0.007915 84
0.722848 39
0.009023 84
0.293289 39
0.007862 84
0.481388 34
0.007626 84
0.397869 34
0.007096 84
0.000118 157
0.000080 2
0.041175 92
0.000252 53
10.938429 6
